Functional Analysis Report
==========================

Optimization
------------
objective_value:            259.117545977876
gradient_norm:              5.92861472720179e-05
max_gradient_parameter:     fixed_63
max_gradient_value:         -2.67366286488269e-05
max_abs_gradient:           2.67366286488269e-05
iterations:                 7
converged:                  yes
message:                    Exact Laplace gradient norm is below tolerance.

Curvature
---------
positive_definite:          yes
min_eigenvalue:             2.37332429866138
max_eigenvalue:             92.4054918567279
condition_number_abs:       38.9350464699861

Backend Selection
-----------------
detected_structure:         dense
selected_backend:           dense_ldlt
solver_recommendation:      LBFGS
bandwidth:                  18
expected_complexity:        O(n^3)
symbolic_reuse:             not required
selection_reason:           high fill ratio; dense LDLT preferred

Spectral Structure
------------------
available:                  yes
eigen_count:                45
positive_eigen_count:       45
near_zero_eigen_count:      0
negative_eigen_count:       0
largest_eigen_share:        0.0290092012332372
effective_rank_entropy:     42.5602928215695
normalized_entropy:         0.985357051037663
participation_ratio:        41.3671001493462
stable_rank:                28.7258825769448
leading_gap_ratio:          1.00266904012802
eigen_count_for_50%:        18
eigen_count_for_90%:        38
eigen_count_for_95%:        40
eigen_count_for_99%:        43

rank,eigenvalue,cumulative_curvature_share
1,92.4054918567279,0.0290092012332372
2,92.1595144145761,0.057941181849227
3,91.8007127094636,0.0867605225056506
4,91.3843573851913,0.115449155179857
5,90.9591203620369,0.14400429160694
6,90.5585728421388,0.172433682654883
7,90.2007384153886,0.200750737404568
8,89.8919122521801,0.228970841203238
9,89.6312417587415,0.257109111740185
10,89.4143381479714,0.285179288916374
11,89.2355747480066,0.313193346230652
12,89.0893359615715,0.34116149425644
13,88.9705923454625,0.369092364655264
14,88.8750990424546,0.396993256484766
15,88.7994077818527,0.424870386274087
16,88.740800285583,0.452729117193179
17,88.697199004392,0.480574160199198
18,88.6670818135315,0.508409748402989
19,88.6494120400581,0.536239789468789
20,83.5200765450579,0.562459559082347
21,81.9301550999178,0.588180198717586
22,77.1571115116366,0.612402418949764
23,73.9414334275082,0.635615129349036
24,70.7920294343143,0.657839135588334
25,64.4426523805526,0.678069858171462
26,60.5196085341852,0.697069004945628
27,60.1381341901436,0.715948394053996
28,59.6623301265073,0.734678412215331
29,59.6286102812297,0.753397844579681
30,59.0959882547308,0.771950068921677
31,58.6065863332017,0.790348653490319
32,58.1888321339171,0.808616090922685
33,57.8470539538072,0.82677623265428
34,57.5741813183854,0.84485071046014
35,57.3595347040682,0.862857803452568
36,57.1925853339491,0.880812485405606
37,57.0643781740639,0.898726918806032
38,56.9678429315896,0.916611046537187
39,56.8976660612758,0.934473143381303
40,56.8500412254547,0.952320289182811
41,56.8224305335396,0.970158767056668
42,45.3375690590364,0.984391759466887
43,30.9744824780169,0.994115694454359
44,16.3704578485451,0.999254933437524
45,2.37332429866138,1

Huu Structure
-------------
random_effects:             45
total_entries:              2025
structural_nonzeros:        1323
structural_density:         0.653333333333333

Effective Sparsity
------------------
curvature_retained,entries_required,entry_share,compression_vs_structural
90%,39,0.0192592592592593,33.9230769230769
95%,42,0.0207407407407407,31.5
97%,62,0.0306172839506173,21.3387096774194
98%,101,0.0498765432098765,13.0990099009901
99%,153,0.0755555555555556,8.64705882352941
99.5%,209,0.10320987654321,6.33014354066986
99.9%,339,0.167407407407407,3.90265486725664
100%,1323,0.653333333333333,1

Effective Bandwidth
-------------------
curvature_retained,bandwidth,entry_count_if_banded,entry_share_if_banded
90%,0,45,0.0222222222222222
95%,0,45,0.0222222222222222
97%,0,45,0.0222222222222222
98%,0,45,0.0222222222222222
99%,1,133,0.065679012345679
99.5%,2,219,0.108148148148148
99.9%,3,303,0.14962962962963
100%,44,2025,1

Uncertainty
-----------
covariance_available:       yes
correlation_available:      yes
covariance_size:            45 x 45
min_variance:               0.011127014407756
max_variance:               0.42124665073097
min_variance_index:         29
max_variance_index:         0
max_abs_correlation:        0.0711837337398672
max_abs_correlation_pair:   0,1
count_abs_corr_gt_0_5:      0
count_abs_corr_gt_0_8:      0
count_abs_corr_gt_0_9:      0

Parameter Influence
-------------------
available:                  yes
Top parameter importance
index,name,variance,sd,variance_share,correlation_centrality,correlation_centrality_share,curvature_column_norm,curvature_diagonal,importance_score,importance_share
38,logN1A_39,0.0111271408901893,0.105485263853248,0.0100813425368199,0.0295451168883759,0.0166011376348933,89.8982304113189,89.8892093986648,9.76311308292719,0.0252836004146455
20,logN1A_21,0.0111271108282516,0.10548512135961,0.0100813153002913,0.0291588456883502,0.0163840952931673,89.8982317156903,89.8892105075233,9.75943705502707,0.0252740805801675
37,logN1A_38,0.0111270293358042,0.105484735084296,0.0100812414670142,0.0287566926731738,0.0161581291011751,89.8982315495907,89.8892103694382,9.75558772570865,0.0252641119458267
21,logN1A_22,0.0111270257877535,0.105484718266456,0.0100812382524316,0.0286246021595244,0.0160839086198129,89.8982317156903,89.8892105075233,9.75433358859815,0.0252608640984139
36,logN1A_37,0.0111270161696333,0.105484672676334,0.0100812295382825,0.0284881040400826,0.0160072115440721,89.8982316945494,89.8892104903277,9.75303497447213,0.0252575010685713
22,logN1A_23,0.0111270157508757,0.105484670691413,0.0100812291588824,0.0284427970206308,0.0159817539339842,89.8982317156903,89.8892105075233,9.7526051519695,0.0252563879543101
35,logN1A_36,0.0111270146157002,0.105484665310652,0.0100812281303977,0.0283960995586194,0.015955515046625,89.8982317130008,89.8892105053819,9.75216182754181,0.0252552398740217
23,logN1A_24,0.0111270145662764,0.105484665076382,0.0100812280856192,0.0283805430314605,0.0159467739727798,89.8982317156903,89.8892105075233,9.75201428541918,0.0252548577831824
34,logN1A_35,0.0111270144322977,0.105484664441319,0.0100812279642326,0.0283645235014701,0.0159377727417736,89.8982317153483,89.8892105072566,9.75186231531324,0.0252544642251645
24,logN1A_25,0.0111270144264645,0.10548466441367,0.0100812279589476,0.0283591802155051,0.0159347703970523,89.8982317156903,89.8892105075233,9.75181164302891,0.0252543329988048
33,logN1A_34,0.0111270144106517,0.105484664338716,0.010081227944621,0.0283536798054671,0.0159316797657161,89.8982317156468,89.8892105074901,9.75175947634023,0.0252541979023759
25,logN1A_26,0.0111270144099632,0.105484664335453,0.0100812279439972,0.028351844567557,0.0159306485619048,89.8982317156903,89.8892105075233,9.75174207269358,0.0252541528320337
32,logN1A_33,0.0111270144080969,0.105484664326607,0.0100812279423064,0.0283499561805869,0.0159295874941109,89.8982317156848,89.8892105075192,9.75172416451908,0.0252541064551123
26,logN1A_27,0.0111270144080157,0.105484664326222,0.0100812279422327,0.0283493266181401,0.0159292337485878,89.8982317156903,89.8892105075233,9.75171819441592,0.0252540909942955
31,logN1A_32,0.0111270144077954,0.105484664325178,0.0100812279420332,0.0283486806456305,0.0159288707823968,89.8982317156896,89.8892105075228,9.75171206863643,0.0252540751303227
27,logN1A_28,0.0111270144077858,0.105484664325132,0.0100812279420245,0.0283484670244318,0.0159287507505507,89.8982317156903,89.8892105075233,9.75171004288709,0.0252540698842258
30,logN1A_31,0.0111270144077599,0.105484664325009,0.010081227942001,0.0283482530810567,0.0159286305376767,89.8982317156902,89.8892105075232,9.75170801407533,0.0252540646301982
28,logN1A_29,0.0111270144077587,0.105484664325004,0.010081227942,0.0283481874395892,0.0159285936543216,89.8982317156903,89.8892105075233,9.75170739160438,0.0252540630181809
29,logN1A_30,0.011127014407756,0.105484664324991,0.0100812279419975,0.0283481371518129,0.0159285653980687,89.8982317156903,89.8892105075233,9.75170691473,0.0252540617832161
19,logN1A_20,0.0119755104489701,0.109432675417217,0.0108499770139317,0.0308626705110856,0.0173414592628156,83.5328784596386,83.5231697423574,9.42334903282268,0.0244037111410975
39,logN1A_40,0.012207618597922,0.110488092561696,0.0110602701861189,0.0320745788633294,0.0180224197556269,81.946055352281,81.9361600746523,9.3444686177443,0.0241994339931793
18,logN1A_19,0.0129640864301733,0.113859942166564,0.0117456404362373,0.0331661324645455,0.0186357539874093,77.1676386313919,77.1571289771916,9.07771055661703,0.0235086088262843
40,logN1A_41,0.0135209246011172,0.116279510667689,0.0122501434702387,0.0361532942393456,0.0203142135429596,73.9940057156775,73.9830559458303,8.91504924254009,0.0230873637138791
17,logN1A_18,0.0141306280142794,0.118872318116033,0.0128025431400744,0.035920995836522,0.0201836871425324,70.802542822874,70.7910882120257,8.71879010447301,0.0225791100879646
16,logN1A_17,0.0155279170696809,0.124611063191359,0.0140685062234459,0.0389981723987147,0.0219127252041801,64.437633712546,64.4250474468598,8.34278341128339,0.0216053629948921
1,logN1A_2,0.0173156951070543,0.131589114698193,0.0156882576899214,0.0903393594695099,0.0507608802519744,58.072103199552,58.059006681694,8.33199901561985,0.021577434572026
2,logN1A_3,0.0172415935467058,0.131307248644946,0.0156211206580677,0.0582147751756697,0.0327103628909958,58.0728644120778,58.059006681694,8.06929829765737,0.0208971167343458
41,logN1A_42,0.016768834977092,0.129494536475838,0.0151927948981507,0.0434587164078076,0.0244190650944982,59.676977795164,59.6634709550757,8.06368469689916,0.0208825791542469
3,logN1A_4,0.0172331051073082,0.131274921852227,0.0156134300153397,0.0482770075200283,0.0271264198909326,58.0729592044126,58.059006681694,7.99156406723889,0.0206958078686442
4,logN1A_5,0.0172321327444717,0.131271218263836,0.0156125490412493,0.0450236173583754,0.025298368979587,58.0729710087963,58.059006681694,7.96653862932482,0.0206309993217139
5,logN1A_6,0.0172320213589222,0.131270794005834,0.0156124481244109,0.0439351850371719,0.0246867885672017,58.0729724787842,58.059006681694,7.95821565375464,0.0206094452552199
6,logN1A_7,0.0172320085995474,0.131270745406383,0.015612436564242,0.043568210638912,0.024480588926259,58.0729726618403,58.059006681694,7.95541518305187,0.0206021928571763
7,logN1A_8,0.0172320071379314,0.131270739839202,0.0156124352399979,0.0434440293053224,0.0244108125426219,58.0729726846361,58.059006681694,7.95446817945006,0.0205997403955019
8,logN1A_9,0.0172320069704021,0.131270739201096,0.015612435088214,0.043401591787205,0.0243869672797376,58.0729726874748,58.059006681694,7.95414462800208,0.0205989024921144
9,logN1A_10,0.0172320069503461,0.131270739124704,0.015612435070043,0.0433859692834416,0.0243781891342269,58.0729726878283,58.059006681694,7.95402552866917,0.0205985940597612
10,logN1A_11,0.017232006940495,0.131270739087182,0.0156124350611178,0.0433769544114431,0.0243731237580643,58.0729726878723,58.059006681694,7.95395680348981,0.0205984160816963
11,logN1A_12,0.0172320068734257,0.13127073883172,0.0156124350003521,0.0433628871822639,0.0243652195074692,58.0729726878778,58.059006681694,7.95384954955618,0.0205981383254543
12,logN1A_13,0.0172320062900983,0.131270736609872,0.0156124344718495,0.0433255559891296,0.0243442434430441,58.0729726878785,58.059006681694,7.95356482872285,0.0205974009819739
13,logN1A_14,0.0172320011980718,0.131270717214738,0.0156124298584034,0.0432164995741048,0.0242829656162332,58.0729726878786,58.059006681694,7.95273228591869,0.0205952449402063
14,logN1A_15,0.0172319567462172,0.131270547900956,0.0156123895844124,0.0428930447195517,0.0241012192187016,58.0729726878786,58.059006681694,7.95025624444136,0.0205888327187365
15,logN1A_16,0.0172315686947035,0.131269069832552,0.015612038004409,0.0419224725095475,0.0235558633514781,58.0729726878786,58.059006681694,7.94276787523868,0.0205694400380342
42,logN1A_43,0.0220741702838435,0.148573787337617,0.0199995015829923,0.053631492208456,0.0301350570749503,45.357592594211,45.3403518736896,7.10036922398563,0.0183878745161348
43,logN1A_44,0.0323210843256332,0.179780656149746,0.0292833465005768,0.0634115126110665,0.0356303633006529,31.0103073636664,30.9888531323375,5.92857597455931,0.0153532735609453
44,logN1A_45,0.0610109440081918,0.247003935207907,0.0552767535803944,0.0449930802554112,0.0252812104538248,16.4283863187799,16.4094583962985,4.24045241353185,0.0109815284828099
0,logN1A_1,0.42124665073097,0.649035169101775,0.381655253619676,0.107683508432855,0.0605064028433527,2.55188902272804,2.3877159825375,1.83461822738754,0.00475112331289155

Top correlation pairs
i,j,name_i,name_j,correlation,abs_correlation
0,1,logN1A_1,logN1A_2,0.0711837337398672,0.0711837337398672
43,44,logN1A_44,logN1A_45,0.0324915236618809,0.0324915236618809
0,2,logN1A_1,logN1A_3,-0.0241441698344616,0.0241441698344616
42,43,logN1A_43,logN1A_44,0.0217147244968253,0.0217147244968253
41,42,logN1A_42,logN1A_43,0.0159291799031181,0.0159291799031181
14,15,logN1A_15,logN1A_16,0.0143580182134917,0.0143580182134917
13,14,logN1A_14,logN1A_15,0.0143502162814286,0.0143502162814286
12,13,logN1A_13,logN1A_14,0.0143493225715122,0.0143493225715122
11,12,logN1A_12,logN1A_13,0.0143492201953602,0.0143492201953602
10,11,logN1A_11,logN1A_12,0.0143492084630347,0.0143492084630347

Correlation Graph
-----------------
available:                  yes
abs_correlation_threshold:  0.5
node_count:                 45
edge_count:                 0
average_degree:             0
maximum_degree:             0
maximum_degree_parameter:   logN1A_1
connected_components:       45
largest_component_size:     1
graph_diameter:             0

Parameter Geometry
------------------
available:                  no
dominant_parameter:
dominant_parameter_index:   0
dominant_curvature_norm:    nan
index,name,gradient,abs_gradient,curvature_column_norm,curvature_diagonal,curvature_share

Gradient Volatility
-------------------
available:                  no
perturbation_scale:         0
samples:                    0
baseline_gradient_norm:     nan
mean_gradient_norm:         nan
sd_gradient_norm:           nan
max_gradient_norm:          nan
gradient_norm_cv:           nan
most_volatile_parameter:
most_volatile_parameter_sd: nan
most_sign_flips_parameter:
most_sign_flips:            0

Latent States
-------------
count:                      45
mean:                       0.00637406804197976
sd:                         0.744373918805894
min_value:                  -1.75979899870443
max_value:                  1.37957735082281
min_index:                  40
max_index:                  17
l2_norm:                    4.99359511658516
