Functional Analysis Report
==========================

Optimization
------------
objective_value:            259.117545978485
gradient_norm:              8.32367920950238e-05
max_gradient_parameter:     fixed_16
max_gradient_value:         3.99081297856862e-05
max_abs_gradient:           3.99081297856862e-05
iterations:                 8
converged:                  yes
message:                    Exact Laplace gradient norm is below tolerance.

Curvature
---------
positive_definite:          yes
min_eigenvalue:             2.09037579969005
max_eigenvalue:             161.606884427
condition_number_abs:       77.309967160432

Backend Selection
-----------------
detected_structure:         tridiagonal
selected_backend:           tridiagonal
solver_recommendation:      Newton
bandwidth:                  1
expected_complexity:        O(n)
symbolic_reuse:             not required
selection_reason:           unit bandwidth

Spectral Structure
------------------
available:                  yes
eigen_count:                45
positive_eigen_count:       45
near_zero_eigen_count:      0
negative_eigen_count:       0
largest_eigen_share:        0.0454503396004712
effective_rank_entropy:     38.5878819851433
normalized_entropy:         0.959617065812827
participation_ratio:        34.8619454125958
stable_rank:                13.8859026532239
leading_gap_ratio:          1.01185356544417
eigen_count_for_50%:        14
eigen_count_for_90%:        34
eigen_count_for_95%:        38
eigen_count_for_99%:        43

rank,eigenvalue,cumulative_curvature_share
1,161.606884427,0.0454503396004712
2,159.713707542316,0.0903682419063451
3,156.625753778735,0.134417687724595
4,152.445902609116,0.177291591697507
5,147.323160987413,0.218724775201007
6,141.46053395627,0.258509152773614
7,135.12684955552,0.296512244184082
8,128.65503908602,0.332695202840233
9,122.348167105214,0.367104416062452
10,116.253747032424,0.399799633850886
11,110.233471413892,0.430801708600761
12,104.593077720936,0.460217478350486
13,103.120442007775,0.489219083855239
14,101.098835297723,0.517652132445871
15,98.8737766124515,0.545459405264419
16,96.485579550525,0.572595021254222
17,93.3503947383628,0.598848897490622
18,90.5237001290955,0.624307793795359
19,87.07228978508,0.648796015040106
20,84.0050151145511,0.672421595587844
21,80.4571642253925,0.695049378125083
22,77.309941032335,0.716792035233229
23,73.8556263982415,0.737563200478494
24,70.650165015969,0.75743286137933
25,67.3621218419764,0.776377792622709
26,64.1172554041497,0.794410137239099
27,60.9943932713861,0.81156420773392
28,57.9571594087082,0.827864086212144
29,54.9863711801234,0.843328459851889
30,52.3948059341648,0.858063981370369
31,49.6587009751502,0.872030000401311
32,47.3290364752344,0.885340824308285
33,45.0429017012068,0.898008695396632
34,42.8850397799466,0.91006968913888
35,41.2545518659434,0.921672124264219
36,39.6684702628847,0.932828489608875
37,38.2225835539141,0.943578213601714
38,38.0861094540021,0.95428955560229
39,34.2878730491643,0.963932681139842
40,30.6203277236398,0.972544345789227
41,27.7767834216505,0.980356291697342
42,27.1266329474699,0.987985389207955
43,26.0036212629276,0.995298650777427
44,14.6261197676064,0.999412102458844
45,2.09037579969005,1

Huu Structure
-------------
random_effects:             45
total_entries:              2025
structural_nonzeros:        133
structural_density:         0.065679012345679

Effective Sparsity
------------------
curvature_retained,entries_required,entry_share,compression_vs_structural
90%,101,0.0498765432098765,1.31683168316832
95%,115,0.0567901234567901,1.15652173913043
97%,121,0.0597530864197531,1.09917355371901
98%,124,0.0612345679012346,1.07258064516129
99%,127,0.062716049382716,1.04724409448819
99.5%,130,0.0641975308641975,1.02307692307692
99.9%,132,0.0651851851851852,1.00757575757576
100%,133,0.065679012345679,1

Effective Bandwidth
-------------------
curvature_retained,bandwidth,entry_count_if_banded,entry_share_if_banded
90%,1,133,0.065679012345679
95%,1,133,0.065679012345679
97%,1,133,0.065679012345679
98%,1,133,0.065679012345679
99%,1,133,0.065679012345679
99.5%,1,133,0.065679012345679
99.9%,1,133,0.065679012345679
100%,44,2025,1

Uncertainty
-----------
covariance_available:       yes
correlation_available:      yes
covariance_size:            45 x 45
min_variance:               0.0126147696802039
max_variance:               0.421246631794326
min_variance_index:         31
max_variance_index:         0
max_abs_correlation:        0.858432987567966
max_abs_correlation_pair:   0,1
count_abs_corr_gt_0_5:      2
count_abs_corr_gt_0_8:      1
count_abs_corr_gt_0_9:      0

Parameter Influence
-------------------
available:                  yes
Top parameter importance
index,name,variance,sd,variance_share,correlation_centrality,correlation_centrality_share,curvature_column_norm,curvature_diagonal,importance_score,importance_share
1,eps_2,0.0654824245332693,0.255895339022166,0.0528929481350359,1.72353444292619,0.0363854201271636,70.4078506221954,64.6943643944608,49.0700311914486,0.0470803646925799
0,eps_1,0.421246631794326,0.649035154513472,0.340258877192852,1.60106461444052,0.033799967784948,21.6187005134413,9.02307538884678,36.4963091541262,0.035016475498162
2,eps_3,0.0247290703837577,0.157254794469859,0.0199747252267851,1.59429604138132,0.0336570768926708,70.4078506221954,64.6943643944608,28.7239733339467,0.0275592883710622
20,eps_21,0.0127452363353957,0.112894802074301,0.0102948711698107,1.07977558047335,0.022795069921476,109.566554429804,100.488365067727,25.7257725546418,0.024682657101754
21,eps_22,0.0126301679873024,0.112384020159907,0.0102019255556087,1.05991696171003,0.0223758359515289,109.566554429804,100.488365067727,25.3648490210316,0.0243363681107768
19,eps_20,0.0137201865261061,0.11713319993113,0.0110823800355719,1.09798464393357,0.0231794802399595,103.112762120639,94.1223229005188,25.3393070149253,0.0243118617688556
22,eps_23,0.0126165870630059,0.112323581954129,0.0101909556636176,1.05144446408302,0.0221969736218839,109.566554429804,100.488365067727,25.2469379910225,0.0242232380768373
23,eps_24,0.0126149841764797,0.112316446598349,0.0101896609437825,1.04834148561167,0.0221314668513121,109.566554429804,100.488365067727,25.207148535005,0.0241850619833085
24,eps_25,0.0126147949960411,0.112315604419159,0.0101895081346707,1.04725292784018,0.0221084863811445,109.566554429804,100.488365067727,25.1935636962534,0.0241720279756427
25,eps_26,0.0126147726680485,0.112315505020672,0.0101894900993985,1.04687628246493,0.0221005350458674,109.566554429804,100.488365067727,25.1889063935233,0.0241675595148389
26,eps_27,0.0126147700327906,0.112315493289175,0.0101894879707883,1.04674650866458,0.0220977953998646,109.566554429804,100.488365067727,25.1873067633186,0.0241660247456207
27,eps_28,0.0126147697217647,0.112315491904566,0.0101894877195594,1.04670169735951,0.0220968493914061,109.566554429804,100.488365067727,25.1867550039316,0.0241654953586908
28,eps_29,0.012614769685056,0.112315491741148,0.0101894876899082,1.04668574234648,0.0220965125661951,109.566554429804,100.488365067727,25.1865586245527,0.0241653069420024
29,eps_30,0.0126147696807241,0.112315491721864,0.0101894876864091,1.04667864255533,0.02209636268298,109.566554429804,100.488365067727,25.1864712500461,0.0241652231103125
30,eps_31,0.0126147696802182,0.112315491719612,0.0101894876860005,1.04667149377247,0.0220962117655041,109.566554429804,100.488365067727,25.186383276466,0.0241651387038401
31,eps_32,0.0126147696802039,0.112315491719548,0.010189487685989,1.04665532906436,0.0220958705134345,109.566554429804,100.488365067727,25.1861843532073,0.0241649478464198
32,eps_33,0.0126147696805872,0.112315491721255,0.0101894876862986,1.04660987217694,0.0220949108761302,109.566554429804,100.488365067727,25.1856249601588,0.0241644111353542
33,eps_34,0.0126147696838947,0.112315491735979,0.0101894876889702,1.04647810397571,0.0220921291264642,109.566554429804,100.488365067727,25.1840034211514,0.0241628553456802
34,eps_35,0.0126147697119253,0.112315491860764,0.0101894877116117,1.04609473945668,0.0220840359437929,109.566554429804,100.488365067727,25.1792857571361,0.0241583289710898
35,eps_36,0.0126147699494237,0.112315492918046,0.0101894879034492,1.04497889471196,0.0220604794201621,109.566554429804,100.488365067727,25.1655543846661,0.0241451543712797
36,eps_37,0.0126147719616977,0.112315501876178,0.0101894895288488,1.04173082766425,0.0219919096943772,109.566554429804,100.488365067727,25.1255856055048,0.0241068062257101
37,eps_38,0.012614789011277,0.112315577776535,0.0101895033005214,1.03227565676579,0.0217923022151496,109.566554429804,100.488365067727,25.0092469599081,0.0239951848199449
18,eps_19,0.0148565091954676,0.121887280696009,0.012000236337375,1.10400235805541,0.0233065197995268,95.2816940117681,86.9635227658656,24.4350977166354,0.0234443158862003
38,eps_39,0.0126149334688178,0.112316220862428,0.0101896199850405,1.00474783616446,0.0212111642391286,107.894959845991,99.4979794121327,24.29424424005,0.0233091736642607
17,eps_18,0.0161950902940817,0.127259932005646,0.0130814654019397,1.103045513577,0.023286319919863,87.4508117554625,79.8047226312125,23.4047606244213,0.0224557563748262
3,eps_4,0.0200607090350377,0.141635832454353,0.0162038905875149,1.2792608295835,0.0270063896475395,70.4078506221954,64.6943643944608,22.7294147276469,0.0218077940576692
39,eps_40,0.0136874061435201,0.116993188449243,0.0110559019219662,0.964556973878917,0.0203626976386877,98.1145596586282,90.5545524700226,22.550629225125,0.0216362578581579
16,eps_17,0.0177720020863888,0.133311672731193,0.0143552043362952,1.09262027064706,0.0230662333149851,79.6201701892107,72.6459224965593,22.2116953022026,0.0213110668543941
4,eps_5,0.0195259408389705,0.139735252670793,0.015771935499406,1.11636998594893,0.0235676119632075,70.4078506221954,64.6943643944608,20.821818905331,0.0199775464539887
15,eps_16,0.0194561919941228,0.139485454417738,0.0157155963815541,1.06460437736197,0.022474791669244,71.7898480745073,65.4871223619062,20.67420411278,0.0198359170704612
40,eps_41,0.0151160129831467,0.122947195914127,0.0122098486185388,0.913795689231737,0.0192910795601151,87.0543554994121,80.818367560467,20.4835253997467,0.0196529699002486
5,eps_6,0.0194646822940199,0.139515885454023,0.0157224543590238,1.05541704873856,0.0222808385903362,70.4078506221954,64.6943643944608,20.1903896696162,0.0193717200876058
14,eps_15,0.0194566924532545,0.139487248353584,0.0157160006237471,1.03722621450992,0.0218968131079392,70.4078506221954,64.6943643944608,20.0075932454558,0.019196335599253
6,eps_7,0.019457665030544,0.139490734568802,0.0157167862159194,1.0341951220635,0.0218328239184224,70.4078506221954,64.6943643944608,19.9783242018547,0.0191682533418448
13,eps_14,0.019456749781847,0.139487453851044,0.0157160469304973,1.02796786813255,0.0217013607779866,70.4078506221954,64.6943643944608,19.916696392183,0.0191091243850437
7,eps_8,0.0194568611918695,0.139487853205466,0.0157161369211258,1.0269520969906,0.0216799169014778,70.4078506221954,64.6943643944608,19.9067774850008,0.0190996076646311
12,eps_13,0.0194567563507206,0.139487477397509,0.0157160522364567,1.02484454530359,0.0216354245190446,70.4078506221954,64.6943643944608,19.8860255586804,0.0190796971767932
8,eps_9,0.0194567691107467,0.139487523136468,0.0157160625432742,1.02450573394148,0.0216282718950835,70.4078506221954,64.6943643944608,19.8827046074099,0.0190765108817544
11,eps_12,0.0194567571188427,0.139487480150882,0.0157160528569018,1.02381612887692,0.0216137136887775,70.4078506221954,64.6943643944608,19.8759258594341,0.0190700069949805
9,eps_10,0.0194567585615921,0.139487485322491,0.015716054022272,1.02371333949575,0.0216115437090397,70.4078506221954,64.6943643944608,19.8749171003951,0.0190690391385866
10,eps_11,0.019456757343428,0.139487480955919,0.0157160530383088,1.02355264406897,0.0216081512786534,70.4078506221954,64.6943643944608,19.8733382862312,0.0190675243413709
41,eps_42,0.0185017090118923,0.136020987394932,0.0149446197533256,0.846212587177577,0.0178643372215271,69.4730407986677,64.7161404837038,17.4463242106112,0.0167389195897578
42,eps_43,0.0241384522120319,0.155365543837853,0.0194976577304704,0.759571286199342,0.0160352585225805,51.9157138761,48.6139134069405,14.1925491230901,0.0136170769084182
43,eps_44,0.0348769380550313,0.186753682841949,0.0281715909085862,0.614274601598278,0.0129679099505855,34.4191031227312,32.5116863301772,10.3763864590547,0.00995565005405125
44,eps_45,0.0642475909622793,0.25347108506155,0.051895520374972,0.314772717842609,0.00664514575283307,17.1698379531587,16.409459253414,5.72196641005055,0.00548995504593889

Top correlation pairs
i,j,name_i,name_j,correlation,abs_correlation
0,1,eps_1,eps_2,-0.858432987567966,0.858432987567966
1,2,eps_2,eps_3,-0.550755741533249,0.550755741533249
0,2,eps_1,eps_3,0.472786896624598,0.472786896624598
2,3,eps_3,eps_4,-0.375777963930033,0.375777963930033
16,17,eps_17,eps_18,-0.357251676729541,0.357251676729541
17,18,eps_18,eps_19,-0.357084118359159,0.357084118359159
18,19,eps_19,eps_20,-0.356750179211078,0.356750179211078
19,20,eps_20,eps_21,-0.356445212734743,0.356445212734743
15,16,eps_16,eps_17,-0.3556070466653,0.3556070466653
20,21,eps_21,eps_22,-0.345108859121422,0.345108859121422

Correlation Graph
-----------------
available:                  yes
abs_correlation_threshold:  0.5
node_count:                 45
edge_count:                 2
average_degree:             0.0888888888888889
maximum_degree:             2
maximum_degree_parameter:   eps_2
connected_components:       43
largest_component_size:     3
graph_diameter:             2

Parameter Geometry
------------------
available:                  no
dominant_parameter:
dominant_parameter_index:   0
dominant_curvature_norm:    nan
index,name,gradient,abs_gradient,curvature_column_norm,curvature_diagonal,curvature_share

Gradient Volatility
-------------------
available:                  no
perturbation_scale:         0
samples:                    0
baseline_gradient_norm:     nan
mean_gradient_norm:         nan
sd_gradient_norm:           nan
max_gradient_norm:          nan
gradient_norm_cv:           nan
most_volatile_parameter:
most_volatile_parameter_sd: nan
most_sign_flips_parameter:
most_sign_flips:            0

Latent States
-------------
count:                      45
mean:                       3.64225653884078e-08
sd:                         0.671469535785349
min_value:                  -1.50711302107999
max_value:                  1.16386799990719
min_index:                  40
max_index:                  23
l2_norm:                    4.50435458050881
