Functional Analysis Report
==========================

Optimization
------------
objective_value:            307.204525133478
gradient_norm:              7.2331800031487e-05
max_gradient_parameter:     fixed_63
max_gradient_value:         -2.91905243423596e-05
max_abs_gradient:           2.91905243423596e-05
iterations:                 351
converged:                  yes
message:                    Exact Laplace gradient norm is below tolerance.

Curvature
---------
positive_definite:          yes
min_eigenvalue:             14.6136350939758
max_eigenvalue:             88.2191855972284
condition_number_abs:       6.03677216722042

Backend Selection
-----------------
detected_structure:         tridiagonal
selected_backend:           tridiagonal
solver_recommendation:      Newton
bandwidth:                  1
expected_complexity:        O(n)
symbolic_reuse:             not required
selection_reason:           unit bandwidth

Spectral Structure
------------------
available:                  yes
eigen_count:                44
positive_eigen_count:       44
near_zero_eigen_count:      0
negative_eigen_count:       0
largest_eigen_share:        0.0285060355847993
effective_rank_entropy:     42.3152995149189
normalized_entropy:         0.98968314847375
participation_ratio:        41.1482098934772
stable_rank:                29.9071760792508
leading_gap_ratio:          1.00008955107427
eigen_count_for_50%:        18
eigen_count_for_90%:        38
eigen_count_for_95%:        40
eigen_count_for_99%:        43

rank,eigenvalue,cumulative_curvature_share
1,88.2191855972284,0.0285060355847993
2,88.2112861817885,0.0570095186520696
3,88.1983349712452,0.0855088168284217
4,88.1806483171263,0.114002399962311
5,88.1586584897199,0.142488877580566
6,88.1329033358295,0.17096703300305
7,88.104013376036,0.1994358532881
8,88.0726966286079,0.227894554274149
9,88.03972150144,0.256342600093274
10,88.0058981419754,0.284779716658383
11,87.9720586769268,0.313205898765321
12,87.9390368076635,0.341621410601683
13,87.9076472521753,0.370026779612766
14,87.8786655392632,0.398422783838468
15,87.8528086637291,0.426810432999349
16,87.8307171015016,0.455190943771289
17,87.8129386597647,0.483565709841672
18,87.7999145985182,0.511936267481078
19,87.7919684064838,0.540304257488157
20,81.5766849008382,0.566663919130129
21,80.0675116408815,0.592535925548799
22,75.1478013739886,0.616818238807352
23,72.1287955708781,0.640125028586839
24,68.7189175897604,0.662329993378808
25,62.2900340629108,0.682457609787358
26,57.7625137751161,0.701122260361877
27,56.0732570092879,0.719241065799053
28,56.0609248612972,0.737355886381382
29,56.0409018406613,0.755464236977222
30,56.0139618038815,0.773563882509171
31,55.9811451547221,0.791652924082781
32,55.9437180532149,0.809729871934599
33,55.9031229765604,0.827793702405069
34,55.8609226554981,0.845843896795748
35,55.8187396341173,0.863880460696636
36,55.7781938260401,0.881903923136205
37,55.7408404691666,0.899915315682891
38,55.7081108216052,0.917916132383839
39,55.6812578014442,0.935908272138349
40,55.6613085617059,0.953893965747
41,55.6490257185563,0.971875690432547
42,43.395572871991,0.985897988826453
43,29.0286292718442,0.995277934168265
44,14.6136350939758,1

Huu Structure
-------------
random_effects:             44
total_entries:              1936
structural_nonzeros:        130
structural_density:         0.0671487603305785

Effective Sparsity
------------------
curvature_retained,entries_required,entry_share,compression_vs_structural
90%,38,0.0196280991735537,3.42105263157895
95%,40,0.0206611570247934,3.25
97%,42,0.0216942148760331,3.0952380952381
98%,42,0.0216942148760331,3.0952380952381
99%,43,0.0222107438016529,3.02325581395349
99.5%,44,0.0227272727272727,2.95454545454545
99.9%,102,0.0526859504132231,1.27450980392157
100%,130,0.0671487603305785,1

Effective Bandwidth
-------------------
curvature_retained,bandwidth,entry_count_if_banded,entry_share_if_banded
90%,0,44,0.0227272727272727
95%,0,44,0.0227272727272727
97%,0,44,0.0227272727272727
98%,0,44,0.0227272727272727
99%,0,44,0.0227272727272727
99.5%,0,44,0.0227272727272727
99.9%,1,130,0.0671487603305785
100%,43,1936,1

Uncertainty
-----------
covariance_available:       yes
correlation_available:      yes
covariance_size:            44 x 44
min_variance:               0.0113629515906716
max_variance:               0.0684273316321422
min_variance_index:         21
max_variance_index:         43
max_abs_correlation:        0.0052500886367524
max_abs_correlation_pair:   42,43
count_abs_corr_gt_0_5:      0
count_abs_corr_gt_0_8:      0
count_abs_corr_gt_0_9:      0

Parameter Influence
-------------------
available:                  yes
Top parameter importance
index,name,variance,sd,variance_share,correlation_centrality,correlation_centrality_share,curvature_column_norm,curvature_diagonal,importance_score,importance_share
37,logN1A_38,0.0113629532915428,0.106597154237544,0.0160001002345515,0.00252029655028233,0.0175432707302503,88.0057018127072,88.0055689424755,9.40480066846951,0.0256809235715171
19,logN1A_20,0.011362952942691,0.106597152601235,0.0160000997433356,0.00250825401692764,0.0174594451094536,88.0057018127072,88.0055689424755,9.40468755120325,0.0256806146914066
36,logN1A_37,0.0113629515906742,0.106597146259523,0.0160000978395696,0.00246057456937498,0.0171275581905942,88.0057018127072,88.0055689424755,9.40423970332924,0.0256793917896748
20,logN1A_21,0.0113629515906736,0.106597146259521,0.0160000978395688,0.0024605597533828,0.0171274550594917,88.0057018127072,88.0055689424755,9.40423956433788,0.0256793914101425
35,logN1A_36,0.0113629515906716,0.106597146259511,0.016000097839566,0.00246050109468944,0.0171270467482799,88.0057018127072,88.0055689424755,9.40423901405064,0.0256793899075179
21,logN1A_22,0.0113629515906716,0.106597146259511,0.016000097839566,0.00246050107648443,0.0171270466215585,88.0057018127072,88.0055689424755,9.40423901387986,0.0256793899070515
34,logN1A_35,0.0113629515906716,0.106597146259511,0.016000097839566,0.0024605010044081,0.0171270461198499,88.0057018127072,88.0055689424755,9.4042390132037,0.0256793899052052
22,logN1A_23,0.0113629515906716,0.106597146259511,0.016000097839566,0.00246050100438573,0.0171270461196942,88.0057018127072,88.0055689424755,9.40423901320349,0.0256793899052046
33,logN1A_34,0.0113629515906716,0.106597146259511,0.016000097839566,0.00246050100429717,0.0171270461190777,88.0057018127072,88.0055689424755,9.40423901320266,0.0256793899052024
32,logN1A_33,0.0113629515906716,0.106597146259511,0.016000097839566,0.00246050100429703,0.0171270461190768,88.0057018127072,88.0055689424755,9.40423901320266,0.0256793899052024
31,logN1A_32,0.0113629515906716,0.106597146259511,0.016000097839566,0.00246050100429703,0.0171270461190768,88.0057018127072,88.0055689424755,9.40423901320266,0.0256793899052024
30,logN1A_31,0.0113629515906716,0.106597146259511,0.016000097839566,0.00246050100429703,0.0171270461190768,88.0057018127072,88.0055689424755,9.40423901320266,0.0256793899052024
29,logN1A_30,0.0113629515906716,0.106597146259511,0.016000097839566,0.00246050100429703,0.0171270461190768,88.0057018127072,88.0055689424755,9.40423901320266,0.0256793899052024
28,logN1A_29,0.0113629515906716,0.106597146259511,0.016000097839566,0.00246050100429703,0.0171270461190768,88.0057018127072,88.0055689424755,9.40423901320266,0.0256793899052024
27,logN1A_28,0.0113629515906716,0.106597146259511,0.016000097839566,0.00246050100429703,0.0171270461190768,88.0057018127072,88.0055689424755,9.40423901320266,0.0256793899052024
26,logN1A_27,0.0113629515906716,0.106597146259511,0.016000097839566,0.00246050100429703,0.0171270461190768,88.0057018127072,88.0055689424755,9.40423901320266,0.0256793899052024
25,logN1A_26,0.0113629515906716,0.106597146259511,0.016000097839566,0.00246050100429703,0.0171270461190768,88.0057018127072,88.0055689424755,9.40423901320266,0.0256793899052024
24,logN1A_25,0.0113629515906716,0.106597146259511,0.016000097839566,0.00246050100429703,0.0171270461190768,88.0057018127072,88.0055689424755,9.40423901320266,0.0256793899052024
23,logN1A_24,0.0113629515906716,0.106597146259511,0.016000097839566,0.00246050100429714,0.0171270461190776,88.0057018127072,88.0055689424755,9.40423901320266,0.0256793899052024
18,logN1A_19,0.0122584477944845,0.11071787477406,0.0172610401890633,0.00266100154429882,0.0185226895223972,81.5768284996673,81.5766851582351,9.05604728305126,0.0247286110928208
38,logN1A_39,0.0124895061873028,0.111756459264343,0.0175863920012439,0.00271512031493616,0.0188993992571198,80.0676578602198,80.0675118169841,8.97237305225253,0.0245001286824225
17,logN1A_18,0.0133071647282432,0.115356684800852,0.0187377316465826,0.00289015080108706,0.020117750805571,75.1479569782418,75.1478013739946,8.6938733812836,0.0237396523026494
39,logN1A_40,0.0138640287196077,0.117745610192515,0.0195218481918363,0.00310369597762342,0.0216041952657266,72.1296168071787,72.1294546914927,8.51930526545709,0.0232629733597778
16,logN1A_17,0.0145521063374971,0.120632111552012,0.0204907257866757,0.00316270921600866,0.0220149743931055,68.7190877512628,68.7189175897542,8.31594666059203,0.0227076785722276
15,logN1A_16,0.0160540303363473,0.126704500063523,0.0226055751493117,0.00349204080657354,0.0243073844877257,62.2902215291484,62.2900338055138,7.92001213997167,0.0216265324084959
40,logN1A_41,0.0173123952919109,0.131576575772099,0.0243774706155766,0.00384415837945397,0.0267584031621861,57.7627162194304,57.7625137817609,7.62943685841313,0.0208330821419214
9,logN1A_10,0.0179016632185851,0.133797097197903,0.0252072149302707,0.00387911237592768,0.0270017108091269,55.8613593493529,55.8611500212734,7.50308055267088,0.0204880512640821
8,logN1A_9,0.0179016632185851,0.133797097197903,0.0252072149302707,0.00387911237592768,0.027001710809127,55.8613593493529,55.8611500212734,7.50308055267088,0.0204880512640821
7,logN1A_8,0.0179016632185851,0.133797097197903,0.0252072149302707,0.00387911237592768,0.027001710809127,55.8613593493529,55.8611500212734,7.50308055267088,0.0204880512640821
6,logN1A_7,0.0179016632185851,0.133797097197903,0.0252072149302707,0.00387911237592768,0.027001710809127,55.8613593493529,55.8611500212734,7.50308055267088,0.0204880512640821
5,logN1A_6,0.0179016632185851,0.133797097197903,0.0252072149302707,0.00387911237592763,0.0270017108091266,55.8613593493529,55.8611500212734,7.50308055267088,0.0204880512640821
10,logN1A_11,0.0179016632185851,0.133797097197903,0.0252072149302707,0.00387911237592623,0.0270017108091168,55.8613593493529,55.8611500212734,7.50308055267088,0.0204880512640821
4,logN1A_5,0.0179016632185851,0.133797097197903,0.0252072149302707,0.00387911237590042,0.0270017108089372,55.8613593493529,55.8611500212734,7.50308055267068,0.0204880512640815
11,logN1A_12,0.0179016632185851,0.133797097197903,0.0252072149302707,0.00387911237517666,0.0270017108038993,55.8613593493529,55.8611500212734,7.50308055266527,0.0204880512640668
3,logN1A_4,0.0179016632185851,0.133797097197903,0.0252072149302707,0.00387911236184436,0.0270017107110958,55.8613593493529,55.8611500212734,7.50308055256563,0.0204880512637947
12,logN1A_13,0.0179016632185851,0.133797097197903,0.0252072149302707,0.00387911198796342,0.0270017081085868,55.8613593493529,55.8611500212734,7.50308054977121,0.0204880512561642
2,logN1A_3,0.0179016632185851,0.133797097197903,0.0252072149302707,0.00387910510074002,0.0270016601680281,55.8613593493529,55.8611500212734,7.50308049829549,0.0204880511156036
13,logN1A_14,0.0179016632185591,0.133797097197806,0.0252072149302342,0.0038789119613499,0.0270003157640892,55.8613593493529,55.8611500212734,7.50307905474931,0.0204880471738296
1,logN1A_2,0.0179016632183337,0.133797097196963,0.0252072149299167,0.00387535415292624,0.0269755505846203,55.8613593493529,55.8611500212734,7.50305246332979,0.020487974562805
14,logN1A_15,0.017901656294899,0.133797071324073,0.0252072051810736,0.00377577520034054,0.0262824017866941,55.8613593493529,55.8611500212734,7.50230675075051,0.0204859383061708
0,logN1A_1,0.0179015961351848,0.133796846506877,0.0252071204705733,0.00193955255389761,0.013500830108569,55.8612546854112,55.8611500212734,7.48855605044115,0.0204483903882353
41,logN1A_42,0.0230441467125014,0.151802986507188,0.0324483123145596,0.00522625408713894,0.0363788897562411,43.395842330227,43.3955728720291,6.62204703566493,0.0180822847612332
42,logN1A_43,0.0344500163976303,0.185607156105659,0.0485088428423163,0.00830345321542654,0.0577986458529561,29.0290347800411,29.0286319622973,5.43273556762576,0.0148347287533914
43,logN1A_44,0.0684273316321422,0.26158618394736,0.0963520782675438,0.00526611907143076,0.0366563817886808,14.6148463639252,14.6144463087717,3.84317448312034,0.0104942437008693

Top correlation pairs
i,j,name_i,name_j,correlation,abs_correlation
42,43,logN1A_43,logN1A_44,0.0052500886367524,0.0052500886367524
41,42,logN1A_42,logN1A_43,0.00304677293013881,0.00304677293013881
40,41,logN1A_41,logN1A_42,0.0021598617690293,0.0021598617690293
3,4,logN1A_4,logN1A_5,0.00193580159200739,0.00193580159200739
4,5,logN1A_5,logN1A_6,0.00193580159200739,0.00193580159200739
5,6,logN1A_6,logN1A_7,0.00193580159200739,0.00193580159200739
6,7,logN1A_7,logN1A_8,0.00193580159200739,0.00193580159200739
7,8,logN1A_8,logN1A_9,0.00193580159200739,0.00193580159200739
8,9,logN1A_9,logN1A_10,0.00193580159200739,0.00193580159200739
9,10,logN1A_10,logN1A_11,0.00193580159200739,0.00193580159200739

Correlation Graph
-----------------
available:                  yes
abs_correlation_threshold:  0.5
node_count:                 44
edge_count:                 0
average_degree:             0
maximum_degree:             0
maximum_degree_parameter:   logN1A_1
connected_components:       44
largest_component_size:     1
graph_diameter:             0

Parameter Geometry
------------------
available:                  no
dominant_parameter:
dominant_parameter_index:   0
dominant_curvature_norm:    nan
index,name,gradient,abs_gradient,curvature_column_norm,curvature_diagonal,curvature_share

Gradient Volatility
-------------------
available:                  no
perturbation_scale:         0
samples:                    0
baseline_gradient_norm:     nan
mean_gradient_norm:         nan
sd_gradient_norm:           nan
max_gradient_norm:          nan
gradient_norm_cv:           nan
most_volatile_parameter:
most_volatile_parameter_sd: nan
most_sign_flips_parameter:
most_sign_flips:            0

Latent States
-------------
count:                      44
mean:                       12.8431917133776
sd:                         0.781861773682753
min_value:                  11.028388896465
max_value:                  14.2768690991149
min_index:                  39
max_index:                  16
l2_norm:                    85.349814139619
